MAE,RMAE,MSE,RMSE,PSEUDOR2,CommonPartOfCommuters,sha,path,PSEUDO R2,BIAS,Within R2
14064.029166329025,0.1547955602558353,4188547967.4557066,64718.99232416792,0.9408084311874558,0.9208152461376335,df29b97351a03cdfaae36dc1287650741e483ce8,../Random_forest/GeoDS_prediction.csv,,,
77873.22089831231,0.8571106270698321,47132641301.26276,217100.5327060778,0.3339326653109035,0.439901819733609,df29b97351a03cdfaae36dc1287650741e483ce8,../Deep_gravity/GeoDS_mobility_predictions/prediction_2023-04-17_00:49:51.csv,,,
14064.029166329025,0.1547955602558353,4188547967.4557066,64718.99232416792,0.9408084311874558,0.9208152461376335,edcdfdc720489e352e2d78077df8513ea6ed8221,../Random_forest/GeoDS_prediction.csv,,,
15409.585255181337,0.1696054064362034,4413204729.517198,66431.95563520012,0.9376336349826404,0.9128473870281714,edcdfdc720489e352e2d78077df8513ea6ed8221,../Deep_gravity/GeoDS_mobility_predictions/prediction_2023-05-09_09:41:35.csv,,,
77873.22089831231,0.8571106270698321,47132641301.26276,217100.5327060778,0.3339326653109035,0.439901819733609,edcdfdc720489e352e2d78077df8513ea6ed8221,../Deep_gravity/GeoDS_mobility_predictions/prediction_2023-04-17_00:49:51.csv,,,
14064.029166329025,0.1547955602558353,4188547967.4557066,64718.99232416792,0.9408084311874558,0.9208152461376335,c332931ad56ff06a4a635d779df76532c5ce9e45,../Random_forest/GeoDS_prediction.csv,,,
15409.585255181337,0.1696054064362034,4413204729.517198,66431.95563520012,0.9376336349826404,0.9128473870281714,c332931ad56ff06a4a635d779df76532c5ce9e45,../Deep_gravity/GeoDS_mobility_predictions/prediction_2023-05-09_09:41:35.csv,,,
77873.22089831231,0.8571106270698321,47132641301.26276,217100.5327060778,0.3339326653109035,0.439901819733609,c332931ad56ff06a4a635d779df76532c5ce9e45,../Deep_gravity/GeoDS_mobility_predictions/prediction_2023-04-17_00:49:51.csv,,,
14853.273572457289,0.1634823688922893,4496327461.763445,67054.66025388127,0.9364589641984284,0.9155659399445616,c332931ad56ff06a4a635d779df76532c5ce9e45,../Deep_gravity/GeoDS_mobility_predictions/prediction_2023-05-10_12:03:38.csv,,,
14064.029166329025,0.1547955602558353,4188547967.4557066,64718.99232416792,0.9408084311874558,0.9208152461376335,3abb73dfecd0898561c811fb3a94117dd05091b2,../Random_forest/GeoDS_prediction.csv,,,
15409.585255181337,0.1696054064362034,4413204729.517198,66431.95563520012,0.9376336349826404,0.9128473870281714,3abb73dfecd0898561c811fb3a94117dd05091b2,../Deep_gravity/GeoDS_mobility_predictions/prediction_2023-05-09_09:41:35.csv,,,
77873.22089831231,0.8571106270698321,47132641301.26276,217100.5327060778,0.3339326653109035,0.439901819733609,3abb73dfecd0898561c811fb3a94117dd05091b2,../Deep_gravity/GeoDS_mobility_predictions/prediction_2023-04-17_00:49:51.csv,,,
14853.273572457289,0.1634823688922893,4496327461.763445,67054.66025388127,0.9364589641984284,0.9155659399445616,3abb73dfecd0898561c811fb3a94117dd05091b2,../Deep_gravity/GeoDS_mobility_predictions/prediction_2023-05-10_12:03:38.csv,,,
14554.856649247662,0.1601978467776275,4325681155.130187,65769.91071249974,0.9388704974266904,0.9171186852980904,3abb73dfecd0898561c811fb3a94117dd05091b2,../Deep_gravity/GeoDS_mobility_predictions/prediction_2023-05-11_02:46:10.csv,,,
14853.273572457289,0.1634823688922893,4496327461.763445,67054.66025388127,0.9364589641984284,0.9155659399445616,ae2d0d53c24b6fcbaccce92fc890f5f6202fd93a,../Deep_gravity/GeoDS_mobility_predictions/prediction_2023-05-10_12:03:38.csv,,,
14554.856649247662,0.1601978467776275,4325681155.130187,65769.91071249974,0.9388704974266904,0.9171186852980904,ae2d0d53c24b6fcbaccce92fc890f5f6202fd93a,../Deep_gravity/GeoDS_mobility_predictions/prediction_2023-05-11_02:46:10.csv,,,
77873.22089831231,0.8571106270698321,47132641301.26276,217100.5327060778,0.3339326653109035,0.439901819733609,ae2d0d53c24b6fcbaccce92fc890f5f6202fd93a,../Deep_gravity/GeoDS_mobility_predictions/prediction_2023-04-17_00:49:51.csv,,,
15409.585255181337,0.1696054064362034,4413204729.517198,66431.95563520012,0.9376336349826404,0.9128473870281714,ae2d0d53c24b6fcbaccce92fc890f5f6202fd93a,../Deep_gravity/GeoDS_mobility_predictions/prediction_2023-05-09_09:41:35.csv,,,
14064.029166329025,0.1547955602558353,4188547967.4557066,64718.99232416792,0.9408084311874558,0.9208152461376335,ae2d0d53c24b6fcbaccce92fc890f5f6202fd93a,../Random_forest/GeoDS_prediction.csv,,,
14853.273572457289,0.1634823688922893,4496327461.763445,67054.66025388127,0.9364589641984284,0.9155659399445616,8adeaffddbc83801ae9232b1d9a1181ef8e8b246,../Deep_gravity/GeoDS_mobility_predictions/prediction_2023-05-10_12:03:38.csv,,,
14554.856649247662,0.1601978467776275,4325681155.130187,65769.91071249974,0.9388704974266904,0.9171186852980904,8adeaffddbc83801ae9232b1d9a1181ef8e8b246,../Deep_gravity/GeoDS_mobility_predictions/prediction_2023-05-11_02:46:10.csv,,,
77873.22089831231,0.8571106270698321,47132641301.26276,217100.5327060778,0.3339326653109035,0.439901819733609,8adeaffddbc83801ae9232b1d9a1181ef8e8b246,../Deep_gravity/GeoDS_mobility_predictions/prediction_2023-04-17_00:49:51.csv,,,
15409.585255181337,0.1696054064362034,4413204729.517198,66431.95563520012,0.9376336349826404,0.9128473870281714,8adeaffddbc83801ae9232b1d9a1181ef8e8b246,../Deep_gravity/GeoDS_mobility_predictions/prediction_2023-05-09_09:41:35.csv,,,
14064.029166329025,0.1547955602558353,4188547967.4557066,64718.99232416792,0.9408084311874558,0.9208152461376335,8adeaffddbc83801ae9232b1d9a1181ef8e8b246,../Random_forest/GeoDS_prediction.csv,,,
14853.273572457289,0.1634823688922893,4496327461.763445,67054.66025388127,0.9364589641984284,0.9155659399445616,3043aef77f9f2ea202e2dde3b3a320582c9a0d91,../Deep_gravity/GeoDS_mobility_predictions/prediction_2023-05-10_12:03:38.csv,,,
14554.856649247662,0.1601978467776275,4325681155.130187,65769.91071249974,0.9388704974266904,0.9171186852980904,3043aef77f9f2ea202e2dde3b3a320582c9a0d91,../Deep_gravity/GeoDS_mobility_predictions/prediction_2023-05-11_02:46:10.csv,,,
77873.22089831231,0.8571106270698321,47132641301.26276,217100.5327060778,0.3339326653109035,0.439901819733609,3043aef77f9f2ea202e2dde3b3a320582c9a0d91,../Deep_gravity/GeoDS_mobility_predictions/prediction_2023-04-17_00:49:51.csv,,,
15409.585255181337,0.1696054064362034,4413204729.517198,66431.95563520012,0.9376336349826404,0.9128473870281714,3043aef77f9f2ea202e2dde3b3a320582c9a0d91,../Deep_gravity/GeoDS_mobility_predictions/prediction_2023-05-09_09:41:35.csv,,,
14064.029166329025,0.1547955602558353,4188547967.4557066,64718.99232416792,0.9408084311874558,0.9208152461376335,3043aef77f9f2ea202e2dde3b3a320582c9a0d91,../Random_forest/GeoDS_prediction.csv,,,
14853.273572457289,0.1634823688922893,4496327461.763445,67054.66025388127,0.9364589641984284,0.9155659399445616,77d52b51ea7e655d6c13c1b32514549dbf331c8c,../Deep_gravity/GeoDS_mobility_predictions/prediction_2023-05-10_12:03:38.csv,,,
14554.856649247662,0.1601978467776275,4325681155.130187,65769.91071249974,0.9388704974266904,0.9171186852980904,77d52b51ea7e655d6c13c1b32514549dbf331c8c,../Deep_gravity/GeoDS_mobility_predictions/prediction_2023-05-11_02:46:10.csv,,,
77873.22089831231,0.8571106270698321,47132641301.26276,217100.5327060778,0.3339326653109035,0.439901819733609,77d52b51ea7e655d6c13c1b32514549dbf331c8c,../Deep_gravity/GeoDS_mobility_predictions/prediction_2023-04-17_00:49:51.csv,,,
15409.585255181337,0.1696054064362034,4413204729.517198,66431.95563520012,0.9376336349826404,0.9128473870281714,77d52b51ea7e655d6c13c1b32514549dbf331c8c,../Deep_gravity/GeoDS_mobility_predictions/prediction_2023-05-09_09:41:35.csv,,,
14064.029166329025,0.1547955602558353,4188547967.4557066,64718.99232416792,0.9408084311874558,0.9208152461376335,77d52b51ea7e655d6c13c1b32514549dbf331c8c,../Random_forest/GeoDS_prediction.csv,,,
14853.273572457289,0.1634823688922893,4496327461.763445,67054.66025388127,0.9364589641984284,0.9155659399445616,5a43e9b5f3da92133b313b5fdb2c37a1e650a864,../Deep_gravity/GeoDS_mobility_predictions/prediction_2023-05-10_12:03:38.csv,,,
14554.856649247662,0.1601978467776275,4325681155.130187,65769.91071249974,0.9388704974266904,0.9171186852980904,5a43e9b5f3da92133b313b5fdb2c37a1e650a864,../Deep_gravity/GeoDS_mobility_predictions/prediction_2023-05-11_02:46:10.csv,,,
77873.22089831231,0.8571106270698321,47132641301.26276,217100.5327060778,0.3339326653109035,0.439901819733609,5a43e9b5f3da92133b313b5fdb2c37a1e650a864,../Deep_gravity/GeoDS_mobility_predictions/prediction_2023-04-17_00:49:51.csv,,,
15409.585255181337,0.1696054064362034,4413204729.517198,66431.95563520012,0.9376336349826404,0.9128473870281714,5a43e9b5f3da92133b313b5fdb2c37a1e650a864,../Deep_gravity/GeoDS_mobility_predictions/prediction_2023-05-09_09:41:35.csv,,,
14064.029166329025,0.1547955602558353,4188547967.4557066,64718.99232416792,0.9408084311874558,0.9208152461376335,5a43e9b5f3da92133b313b5fdb2c37a1e650a864,../Random_forest/GeoDS_prediction.csv,,,
15409.585255181337,0.1696054064362034,4413204729.517198,66431.95563520012,0.9376336349826404,0.9128473870281714,4f3d08ccbad08899c67769d3e769944894ec8e92,../Deep_gravity/GeoDS_mobility_predictions/prediction_2023-05-09_09-41-35.csv,,,
14554.856649247662,0.1601978467776275,4325681155.130187,65769.91071249974,0.9388704974266904,0.9171186852980904,4f3d08ccbad08899c67769d3e769944894ec8e92,../Deep_gravity/GeoDS_mobility_predictions/prediction_2023-05-11_02-46-10.csv,,,
77873.22089831231,0.8571106270698321,47132641301.26276,217100.5327060778,0.3339326653109035,0.439901819733609,4f3d08ccbad08899c67769d3e769944894ec8e92,../Deep_gravity/GeoDS_mobility_predictions/prediction_2023-04-17_00-49-51.csv,,,
14853.273572457289,0.1634823688922893,4496327461.763445,67054.66025388127,0.9364589641984284,0.9155659399445616,4f3d08ccbad08899c67769d3e769944894ec8e92,../Deep_gravity/GeoDS_mobility_predictions/prediction_2023-05-10_12-03-38.csv,,,
14064.029166329025,0.1547955602558353,4188547967.4557066,64718.99232416792,0.9408084311874558,0.9208152461376335,4f3d08ccbad08899c67769d3e769944894ec8e92,../Random_forest/GeoDS_prediction.csv,,,
14064.029166329025,0.1547955602558353,4188547967.4557066,64718.99232416792,0.9408084311874558,0.9208152461376335,08c34e55d43e65e9e5a0c3e105c2e0809824f848,../Random_forest/GeoDS_prediction.csv,,,
14554.856649247662,0.1601978467776275,4325681155.130187,65769.91071249974,0.9388704974266904,0.9171186852980904,08c34e55d43e65e9e5a0c3e105c2e0809824f848,../Deep_gravity/GeoDS_mobility_predictions/prediction_2023-05-11_02-46-10.csv,,,
14853.273572457289,0.1634823688922893,4496327461.763445,67054.66025388127,0.9364589641984284,0.9155659399445616,08c34e55d43e65e9e5a0c3e105c2e0809824f848,../Deep_gravity/GeoDS_mobility_predictions/prediction_2023-05-10_12-03-38.csv,,,
77873.22089831231,0.8571106270698321,47132641301.26276,217100.5327060778,0.3339326653109035,0.439901819733609,08c34e55d43e65e9e5a0c3e105c2e0809824f848,../Deep_gravity/GeoDS_mobility_predictions/prediction_2023-04-17_00-49-51.csv,,,
15409.585255181337,0.1696054064362034,4413204729.517198,66431.95563520012,0.9376336349826404,0.9128473870281714,08c34e55d43e65e9e5a0c3e105c2e0809824f848,../Deep_gravity/GeoDS_mobility_predictions/prediction_2023-05-09_09-41-35.csv,,,
14064.029166329025,0.1547955602558353,4188547967.4557066,64718.99232416792,0.9408084311874558,0.9208152461376335,14b2b95fba55024bb20babfbd43898ac77208bf1,../Random_forest/GeoDS_prediction.csv,,,
14554.856649247662,0.1601978467776275,4325681155.130187,65769.91071249974,0.9388704974266904,0.9171186852980904,14b2b95fba55024bb20babfbd43898ac77208bf1,../Deep_gravity/GeoDS_mobility_predictions/prediction_2023-05-11_02-46-10.csv,,,
77873.22089831231,0.8571106270698321,47132641301.26276,217100.5327060778,0.3339326653109035,0.439901819733609,14b2b95fba55024bb20babfbd43898ac77208bf1,../Deep_gravity/GeoDS_mobility_predictions/prediction_2023-04-17_00-49-51.csv,,,
15409.585255181337,0.1696054064362034,4413204729.517198,66431.95563520012,0.9376336349826404,0.9128473870281714,14b2b95fba55024bb20babfbd43898ac77208bf1,../Deep_gravity/GeoDS_mobility_predictions/prediction_2023-05-09_09-41-35.csv,,,
14853.273572457289,0.1634823688922893,4496327461.763445,67054.66025388127,0.9364589641984284,0.9155659399445616,14b2b95fba55024bb20babfbd43898ac77208bf1,../Deep_gravity/GeoDS_mobility_predictions/prediction_2023-05-10_12-03-38.csv,,,
14064.029166329025,0.1547955602558353,,,,0.9208152461376335,e073c2d6c459232b76090602de5d6b5bf63bcea4,../Random_forest/GeoDS_prediction.csv,0.9408084311874558,-4100.698616555032,0.64564828188217
14554.856649247662,0.1601978467776275,,,,0.9171186852980904,e073c2d6c459232b76090602de5d6b5bf63bcea4,../Deep_gravity/GeoDS_mobility_predictions/prediction_2023-05-11_02-46-10.csv,0.9388704974266904,-6100.182541126289,0.6340467958681648
77873.22089831231,0.8571106270698321,,,,0.439901819733609,e073c2d6c459232b76090602de5d6b5bf63bcea4,../Deep_gravity/GeoDS_mobility_predictions/prediction_2023-04-17_00-49-51.csv,0.3339326653109035,-42676.06758754508,-2.98742775642105
15409.585255181337,0.1696054064362034,,,,0.9128473870281714,e073c2d6c459232b76090602de5d6b5bf63bcea4,../Deep_gravity/GeoDS_mobility_predictions/prediction_2023-05-09_09-41-35.csv,0.9376336349826404,-4899.502967917472,0.6266422897718218
14853.273572457289,0.1634823688922893,,,,0.9155659399445616,e073c2d6c459232b76090602de5d6b5bf63bcea4,../Deep_gravity/GeoDS_mobility_predictions/prediction_2023-05-10_12-03-38.csv,0.9364589641984284,-5795.352719448743,0.6196100955090452
14064.029166329025,0.1547955602558353,,,,0.9208152461376335,5fc217380f1155412618c2cfc15ae244bcdb09a4,../Random_forest/GeoDS_prediction.csv,0.9408084311874558,-4100.698616555032,0.64564828188217
14853.273572457289,0.1634823688922893,,,,0.9155659399445616,5fc217380f1155412618c2cfc15ae244bcdb09a4,../Deep_gravity/GeoDS_mobility_predictions/prediction_2023-05-10_12-03-38.csv,0.9364589641984284,-5795.352719448743,0.6196100955090452
14554.856649247662,0.1601978467776275,,,,0.9171186852980904,5fc217380f1155412618c2cfc15ae244bcdb09a4,../Deep_gravity/GeoDS_mobility_predictions/prediction_2023-05-11_02-46-10.csv,0.9388704974266904,-6100.182541126289,0.6340467958681648
15409.585255181337,0.1696054064362034,,,,0.9128473870281714,5fc217380f1155412618c2cfc15ae244bcdb09a4,../Deep_gravity/GeoDS_mobility_predictions/prediction_2023-05-09_09-41-35.csv,0.9376336349826404,-4899.502967917472,0.6266422897718218
77873.22089831231,0.8571106270698321,,,,0.439901819733609,5fc217380f1155412618c2cfc15ae244bcdb09a4,../Deep_gravity/GeoDS_mobility_predictions/prediction_2023-04-17_00-49-51.csv,0.3339326653109035,-42676.06758754508,-2.98742775642105
14064.029166329025,0.1547955602558353,,,,0.9208152461376335,dd6a544196a17ed62a595c6e6a0ca2891769be49,../Random_forest/GeoDS_prediction.csv,0.9408084311874558,-4100.698616555032,0.64564828188217
14853.273572457289,0.1634823688922893,,,,0.9155659399445616,dd6a544196a17ed62a595c6e6a0ca2891769be49,../Deep_gravity/GeoDS_mobility_predictions/prediction_2023-05-10_12-03-38.csv,0.9364589641984284,-5795.352719448743,0.6196100955090452
14554.856649247662,0.1601978467776275,,,,0.9171186852980904,dd6a544196a17ed62a595c6e6a0ca2891769be49,../Deep_gravity/GeoDS_mobility_predictions/prediction_2023-05-11_02-46-10.csv,0.9388704974266904,-6100.182541126289,0.6340467958681648
15409.585255181337,0.1696054064362034,,,,0.9128473870281714,dd6a544196a17ed62a595c6e6a0ca2891769be49,../Deep_gravity/GeoDS_mobility_predictions/prediction_2023-05-09_09-41-35.csv,0.9376336349826404,-4899.502967917472,0.6266422897718218
77873.22089831231,0.8571106270698321,,,,0.439901819733609,dd6a544196a17ed62a595c6e6a0ca2891769be49,../Deep_gravity/GeoDS_mobility_predictions/prediction_2023-04-17_00-49-51.csv,0.3339326653109035,-42676.06758754508,-2.98742775642105
13795.914159003363,0.1518445557975015,,,,0.922737280916712,6ae28d2a9b173985a765b42661da88da16026d0b,../Modelling_and_results/Random_forest/Results/RF_GeoDS_limited_lags_prediction_2023-10-10_19-33.csv,0.9456652603288144,-3152.528551194484,0.6747238037068315
14009.12267996464,0.1541912327037564,,,,0.9214515545780948,6ae28d2a9b173985a765b42661da88da16026d0b,../Modelling_and_results/Random_forest/Results/RF_GeoDS_limited_prediction_2023-10-11_22-00.csv,0.9461966758945172,-3360.9200430745614,0.6779051354829451
13815.097249671033,0.152055694243833,,,,0.9226855701329756,6ae28d2a9b173985a765b42661da88da16026d0b,../Modelling_and_results/Random_forest/Results/RF_GeoDS_full_predictions_2023-10-10_19-19.csv,0.9453111801595832,-3023.837291093645,0.6726040944503361
23847.48219418206,0.2624770130438385,,,,0.8672384431899764,6ae28d2a9b173985a765b42661da88da16026d0b,../Modelling_and_results/GNN_model/DCRNN_geods_predictions.csv,0.9142581833239762,-2084.602049074376,0.4867045989283837
22275.958635841467,0.2451800587506135,,,,0.8759468959722599,6ae28d2a9b173985a765b42661da88da16026d0b,../Modelling_and_results/GNN_model/DCRNN_geods_predictions_2.csv,0.901931768086038,-2143.0884928690216,0.4129122243483148
13523.301136363636,0.1488440439901467,,,,0.9238928398174816,6ae28d2a9b173985a765b42661da88da16026d0b,../Modelling_and_results/Gravity_model/geods_lag_prediction.csv,0.9469466941884698,-4023.3818907156674,0.6823951376304402
47125.46913281754,0.5186858837151892,,,,0.7353832413901975,6ae28d2a9b173985a765b42661da88da16026d0b,../Modelling_and_results/Gravity_model/geods_base_prediction.csv,0.684040961382375,-3621.503787878788,-0.8914962119619654
17856.74020793037,0.1965399866666357,,,,0.8998117557290579,6ae28d2a9b173985a765b42661da88da16026d0b,../Modelling_and_results/Gravity_model/geods_fe_prediction.csv,0.9224941423262216,-3479.123992585429,0.5360093610987551
14853.273572457289,0.1634823688922893,,,,0.9155659399445616,6ae28d2a9b173985a765b42661da88da16026d0b,../Deep_gravity/GeoDS_mobility_predictions/prediction_2023-05-10_12-03-38.csv,0.9364589641984284,-5795.352719448743,0.6196100955090452
14554.856649247662,0.1601978467776275,,,,0.9171186852980904,6ae28d2a9b173985a765b42661da88da16026d0b,../Deep_gravity/GeoDS_mobility_predictions/prediction_2023-05-11_02-46-10.csv,0.9388704974266904,-6100.182541126289,0.6340467958681648
15409.585255181337,0.1696054064362034,,,,0.9128473870281714,6ae28d2a9b173985a765b42661da88da16026d0b,../Deep_gravity/GeoDS_mobility_predictions/prediction_2023-05-09_09-41-35.csv,0.9376336349826404,-4899.502967917472,0.6266422897718218
77873.22089831231,0.8571106270698321,,,,0.439901819733609,6ae28d2a9b173985a765b42661da88da16026d0b,../Deep_gravity/GeoDS_mobility_predictions/prediction_2023-04-17_00-49-51.csv,0.3339326653109035,-42676.06758754508,-2.98742775642105
15396.521243062029,0.1694616175510069,,,,0.9127771055790016,041b24bc04ee2eded267dd8f66b9a7649e52d825,../Modelling_and_results/Neural_network/GeoDS_mobility_predictions/GCP_prediction_limited_specification_2023-09-14_23_22_20.csv,0.9435964972194044,-5191.7494195669415,0.6623391047217488
14860.533412786144,0.1635622742336238,,,,0.9154708745816508,041b24bc04ee2eded267dd8f66b9a7649e52d825,../Modelling_and_results/Neural_network/GeoDS_mobility_predictions/GCP_prediction_limited_lag_2023-09-24_18_23_15.csv,0.947610485729032,-5907.309939836195,0.6863689412918239
15289.571527964305,0.1682844768559784,,,,0.913507768211171,041b24bc04ee2eded267dd8f66b9a7649e52d825,../Modelling_and_results/Neural_network/GeoDS_mobility_predictions/gcp_full_GeoDS_prediction_2023-10-11_21_49_52.csv,0.9450173116030108,-4937.087058790704,0.6708448434284195
13795.914159003363,0.1518445557975015,,,,0.922737280916712,041b24bc04ee2eded267dd8f66b9a7649e52d825,../Modelling_and_results/Random_forest/Results/RF_GeoDS_limited_lags_prediction_2023-10-10_19-33.csv,0.9456652603288144,-3152.528551194484,0.6747238037068315
14009.12267996464,0.1541912327037564,,,,0.9214515545780948,041b24bc04ee2eded267dd8f66b9a7649e52d825,../Modelling_and_results/Random_forest/Results/RF_GeoDS_limited_prediction_2023-10-11_22-00.csv,0.9461966758945172,-3360.9200430745614,0.6779051354829451
13815.097249671033,0.152055694243833,,,,0.9226855701329756,041b24bc04ee2eded267dd8f66b9a7649e52d825,../Modelling_and_results/Random_forest/Results/RF_GeoDS_full_predictions_2023-10-10_19-19.csv,0.9453111801595832,-3023.837291093645,0.6726040944503361
23847.48219418206,0.2624770130438385,,,,0.8672384431899764,041b24bc04ee2eded267dd8f66b9a7649e52d825,../Modelling_and_results/GNN_model/DCRNN_geods_predictions.csv,0.9142581833239762,-2084.602049074376,0.4867045989283837
22275.958635841467,0.2451800587506135,,,,0.8759468959722599,041b24bc04ee2eded267dd8f66b9a7649e52d825,../Modelling_and_results/GNN_model/DCRNN_geods_predictions_2.csv,0.901931768086038,-2143.0884928690216,0.4129122243483148
13523.301136363636,0.1488440439901467,,,,0.9238928398174816,041b24bc04ee2eded267dd8f66b9a7649e52d825,../Modelling_and_results/Gravity_model/geods_lag_prediction.csv,0.9469466941884698,-4023.3818907156674,0.6823951376304402
47125.46913281754,0.5186858837151892,,,,0.7353832413901975,041b24bc04ee2eded267dd8f66b9a7649e52d825,../Modelling_and_results/Gravity_model/geods_base_prediction.csv,0.684040961382375,-3621.503787878788,-0.8914962119619654
17856.74020793037,0.1965399866666357,,,,0.8998117557290579,041b24bc04ee2eded267dd8f66b9a7649e52d825,../Modelling_and_results/Gravity_model/geods_fe_prediction.csv,0.9224941423262216,-3479.123992585429,0.5360093610987551
15396.521243062029,0.1694616175510069,,,,0.9127771055790016,0cd33f0525888e5505417beba81c058db6fec6eb,../Modelling_and_results/Neural_network/GeoDS_mobility_predictions/GCP_prediction_limited_specification_2023-09-14_23_22_20.csv,0.9435964972194044,-5191.7494195669415,0.6623391047217488
14860.533412786144,0.1635622742336238,,,,0.9154708745816508,0cd33f0525888e5505417beba81c058db6fec6eb,../Modelling_and_results/Neural_network/GeoDS_mobility_predictions/GCP_prediction_limited_lag_2023-09-24_18_23_15.csv,0.947610485729032,-5907.309939836195,0.6863689412918239
15289.571527964305,0.1682844768559784,,,,0.913507768211171,0cd33f0525888e5505417beba81c058db6fec6eb,../Modelling_and_results/Neural_network/GeoDS_mobility_predictions/gcp_full_GeoDS_prediction_2023-10-11_21_49_52.csv,0.9450173116030108,-4937.087058790704,0.6708448434284195
13795.914159003363,0.1518445557975015,,,,0.922737280916712,0cd33f0525888e5505417beba81c058db6fec6eb,../Modelling_and_results/Random_forest/Results/RF_GeoDS_limited_lags_prediction_2023-10-10_19-33.csv,0.9456652603288144,-3152.528551194484,0.6747238037068315
14009.12267996464,0.1541912327037564,,,,0.9214515545780948,0cd33f0525888e5505417beba81c058db6fec6eb,../Modelling_and_results/Random_forest/Results/RF_GeoDS_limited_prediction_2023-10-11_22-00.csv,0.9461966758945172,-3360.9200430745614,0.6779051354829451
13815.097249671033,0.152055694243833,,,,0.9226855701329756,0cd33f0525888e5505417beba81c058db6fec6eb,../Modelling_and_results/Random_forest/Results/RF_GeoDS_full_predictions_2023-10-10_19-19.csv,0.9453111801595832,-3023.837291093645,0.6726040944503361
23847.48219418206,0.2624770130438385,,,,0.8672384431899764,0cd33f0525888e5505417beba81c058db6fec6eb,../Modelling_and_results/GNN_model/DCRNN_geods_predictions.csv,0.9142581833239762,-2084.602049074376,0.4867045989283837
22275.958635841467,0.2451800587506135,,,,0.8759468959722599,0cd33f0525888e5505417beba81c058db6fec6eb,../Modelling_and_results/GNN_model/DCRNN_geods_predictions_2.csv,0.901931768086038,-2143.0884928690216,0.4129122243483148
13383.478601993313,0.1473050890229554,,,,0.9245363234698666,0cd33f0525888e5505417beba81c058db6fec6eb,../Modelling_and_results/Ensemble/GeoDS_ensemble_prediction.csv,0.9490130279191424,-4361.073460582115,0.6947652930826045
13523.301136363636,0.1488440439901467,,,,0.9238928398174816,0cd33f0525888e5505417beba81c058db6fec6eb,../Modelling_and_results/Gravity_model/geods_lag_prediction.csv,0.9469466941884698,-4023.3818907156674,0.6823951376304402
47125.46913281754,0.5186858837151892,,,,0.7353832413901975,0cd33f0525888e5505417beba81c058db6fec6eb,../Modelling_and_results/Gravity_model/geods_base_prediction.csv,0.684040961382375,-3621.503787878788,-0.8914962119619654
17856.74020793037,0.1965399866666357,,,,0.8998117557290579,0cd33f0525888e5505417beba81c058db6fec6eb,../Modelling_and_results/Gravity_model/geods_fe_prediction.csv,0.9224941423262216,-3479.123992585429,0.5360093610987551
13213.770309477757,0.145437196834357,,,,0.9253318038124696,0cd33f0525888e5505417beba81c058db6fec6eb,../Modelling_and_results/Random_walk/RandomWalk_GeoDS_prediction.csv,0.9462207979900836,-4744.501773049646,0.6780495429750947
